898 2147483647 897 899 899 895 899 897 898 898 897 897 
899 897 899 897 898 898 899 899 899 897 898 895 
2147483647 893 899 893 899 899 894 896 895 899 899 898 
2147483647 2147483647 2147483647 899 897 895 897 894 895 897 895 899 
899 2147483647 2147483647 896 898 899 899 890 899 897 897 897 
899 899 898 895 897 898 899 2147483647 2147483647 896 894 899 
896 899 897 897 899 893 892 2147483647 2147483647 897 899 898 
898 898 898 891 896 898 2147483647 2147483647 898 899 897 898 
899 898 897 2147483647 2147483647 897 2147483647 2147483647 898 899 899 894 
896 890 899 899 899 899 894 897 897 898 898 890 
899 898 898 897 899 897 899 893 898 899 897 899 
899 899 895 894 899 897 897 896 899 897 899 898 
