2877918797789988650607024
3877579239852967187647582
6978370688403662868426577
9233595481829947192738556
9373987067158259839715252
7937083466965431452959235
7711699459449367729037589
7789264947355733548552627
4857765976926145917913893
8987786413398850969126509
3998836868369860388777277
8789769520188247722600785
3908980176483977710444197
0595887769581277745886847
3697732764931850787499375
6038681821806921687171858
9833785066887776869811153
4988866773712775835969219
8599777779437990839519485
0909665868669479003683927
0684299979952007797864600
1564477963567933437970492
5958892497377655688943952
6297158442579764471073881
7981594194677242916719447
