0011000000000000000000000
0011000000000000000000000
0000000000000000000000000
0000000000000000000000000
0000000000000000000000000
0000000000000000000000000
1100000000000000000000000
1100000000000000000000000
0001100000000000000000000
0001100000000000000000000
0000000000000000000000000
0000000000000001100000000
0000000000000011100000000
0000000000000011100000000
0000000000000000000000000
0000000000000000000000000
0000000000000110000000000
0000000110000110000000000
0000000110000000000000000
0000000000000000000000000
0000000000000000000000000
0000000000000000000000000
0000000000000000000000000
0000000000000000000000000
0000000000000000000000000
